OS: Windows-10-10.0.19041-SP0 10.0.19041
Python: 3.7.3
Stable-Baselines3: 1.3.0
PyTorch: 1.10.1+cu113
GPU Enabled: True
Numpy: 1.21.5
Gym: 0.19.0
